Peptide,Probability,Predicted Label
VSSQPENPAV,0.0055763386,0
LEALPHSHK,0.0058761244,0
ARFIMGAG,0.14906733,0
PTEKLVTTSTN,0.048938356,0
GEHAPELVL,0.83251154,1
AVPDEIPPLEGDED,0.9956585,1
GGQKWSLETGKV,0.9975285,1
QHSFMANRM,0.008363859,0
FLLTAADILGLC,0.002990839,0
YPKSLHMYTNRLLD,0.9968676,1
HIKTHELHL,0.08242617,0
PWVQKPIIF,0.8285005,1
LAAFKPEAY,0.9066605,1
CLLPVLIWYAV,0.0008104519,0
VNDALAVRQ,0.61438566,1
NLLGQLTG,0.03059996,0
DLVKDLPLEFDFL,0.9919485,1
LTFSVVFNLDEDA,0.0005573003,0
ARLNIHRIHSQL,0.97929746,1
PAKGGVVVSVEEES,0.16620739,0
TMTLVPPPCGSIP,0.0009259899,0
KPILLPSW,0.017443841,0
DELQILTY,0.9422515,1
LALRLASLF,0.7655999,1
ITGDFALVK,0.89156,1
QKFRKNNNAA,0.97252876,1
ISDDLFRFA,0.5190787,1
SRTLSYYKL,0.012789376,0
ISMVIQKIY,0.98623604,1
RVYAENAIRKK,0.92996246,1
EASEEECRHML,0.0068677347,0
FLGMYRLNV,0.74862766,1
DLKRIKKVKNVTNH,0.8953972,1
ASNPVVYFDIA,0.02127427,0
ASLDFYRAMRDAMT,0.046396453,0
LGSSAERDR,0.008880974,0
TLREGVQCSDR,0.00032098303,0
PLFDPSYGLSIQAV,0.037342165,0
ESQSEPFPTARG,0.048340317,0
LLRNYLHYSL,0.076293886,0
DLRAANVL,0.98102635,1
ISRGSIEI,0.15889245,0
RLTSMYAEHK,0.27608865,0
AHQKYVRQAW,0.7163444,1
GLAEGKVRL,0.72554564,1
LHSGKSIRTVL,0.93979234,1
RLEPNAQAQMY,0.8905224,1
EVEKKAAEEKEVPA,0.014497937,0
LFRMEEEQKIYN,0.05747519,0
REKIIPNKVGTYCI,0.2152908,0
VKRLISELDDASL,0.7914049,1
EPVGTIRTPS,0.011008394,0
GKRPFGVSL,0.016794495,0
TMKGLKVDVAPRQG,0.6770437,1
NQWKEETMHLEN,0.20119433,0
CMGCAKTGSGKTAA,0.010874611,0
YHSDIIFKL,0.23845372,0
RVAGIHKKVAR,0.035720885,0
QDESFTRG,0.0667804,0
SGNEENTFQINQQ,0.30553812,0
ILKGPNMLI,0.9838659,1
HSIDITSELW,0.0015163018,0
KEIQMAVLL,0.23756744,0
VIMWYNYLF,0.038748026,0
VMTMAVTYLLM,0.7708735,1
NLAEDTLAWEHER,0.9877322,1
QDGKDYVVLP,0.043769106,0
DDGSSTASD,0.0017218712,0
YETALKLHKTHLAI,0.022657232,0
PAAQYVVMEKATA,0.9909986,1
YFAYRGFKY,0.71270573,1
HVFGQPAK,0.040597342,0
VKDHYIFY,0.9741237,1
LAEKSQSADGPEM,0.9774265,1
KNTDSVVIFSGEG,0.97966367,1
RALLLKENL,0.26113203,0
DVDISGPKV,0.17224176,0
DFLLHVLD,0.0020605049,0
KIPDLKLLVEK,0.9653707,1
KELDKVVTT,0.11841626,0
LCRPDCFSM,0.0013503064,0
VDTDGNGTI,0.23398563,0
ELTSENNLINETST,0.023846902,0
QYMAASGDT,0.016167482,0
NRYHVPVVVV,0.008924635,0
TSVTPSNLW,0.021003455,0
FPALTSLDL,0.011983401,0
MAQRPMQAL,0.06889454,0
LKGHMHKVHMPS,0.0020294809,0
FQYPFSAVQAF,0.86094934,1
EAPDSDGEVDGVDK,0.70836127,1
REHQISHTF,0.3559753,0
PKCYDMRYAP,0.54359084,1
EEEDDGDEDDDN,0.0047497596,0
SLLEHIMIY,0.9307401,1
LKQKSKIHI,0.009310422,0
AVEQAHFAL,0.35607332,0
QESSLSTCAH,0.02477403,0
AVYDYNDKK,0.7307362,1
EERIEELENLLQQ,0.98774105,1
QKKSYRKLKTTF,0.1500689,0
VTFDPKKGVLIRNV,0.8286611,1
SKRKIEITTIAP,0.02089473,0
PEVPPEVIPEKKV,0.051464956,0
LLNKLIGRY,0.9988237,1
KSGPFGKKY,0.97994345,1
HYLTRVEVTEF,0.0132033015,0
KAVAAGKSCKQDD,0.011892476,0
VDAEALVAL,0.023767767,0
PVHSSPVVNHDNH,0.0025833505,0
KTGEMQIHNSDGQQ,0.98392856,1
IMISRPAWLW,0.3583017,0
SSFSNLKVHMR,0.016532177,0
APPVPWGTV,0.0031894387,0
QGILPSLPQ,0.013429316,0
IALGIPLPEIKNV,0.01125258,0
IMFDVTNATTF,0.0023865553,0
HSGELPVDACSV,0.0022941083,0
KLYSHHTEK,0.9961641,1
VNQVSSEHSHAEA,0.19699076,0
KYLYVDKNF,0.992365,1
TPNHKKWKV,0.01732452,0
AKGQANGTRKGDN,0.019302977,0
TRNPESGP,0.0037428595,0
RLLAFYREK,0.54369515,1
GISSIRSFK,0.98978907,1
QKDYNHLPTGP,0.063804656,0
RAKLANADHFY,0.8173109,1
LQEKLKDGNLDP,0.002716659,0
EVQGSLALVSR,0.76439655,1
LIVMNFLPCYYR,0.9835414,1
SAIPGISDAG,0.036643367,0
RTLTYMSHR,0.9842228,1
LRVEPLGANSQ,0.70987284,1
YNSLKKHSK,0.6308003,1
ATIDPELNEIHVL,0.992199,1
IALDGDTV,0.03090613,0
RVARARRTL,0.21243231,0
GAVQGFSQPQLMT,0.008750731,0
VGTKSTRFF,0.9630525,1
LHQKHLLH,0.015346057,0
SSDPNLRTAAY,0.13779771,0
FQVARGMEF,0.99887425,1
MFVSLSQSLA,0.03950476,0
KVSAAALAV,0.0374829,0
VEQSPESLLS,0.01687422,0
ETNIVAVER,0.99521494,1
ITVPVARASILW,0.0607402,0
KGFKGVDAQ,0.9232438,1
KHRRRRGLTAAP,0.0061547332,0
NKRTSLTVEDA,0.19230705,0
SMIIFIHSY,0.0151719265,0
PVMFPFEQI,0.015205814,0
YENLSADGEVL,0.026762573,0
SSQDWRAR,0.030750168,0
MESALEAESR,0.028317867,0
QSMPQASPGRYSP,0.1560821,0
EIADLSNIINK,0.0046022134,0
AFSADCTSA,0.00029836892,0
RMTSCRLEK,0.035196483,0
ETIEQEEASSR,0.9806542,1
DLSQVTVHLM,0.9659679,1
LLDFVKCLRL,0.047310583,0
LVANATHIY,0.2817736,0
TKKDFSTNS,0.0002623984,0
FMAGTPITV,0.005200835,0
STDVEISAA,0.0152874775,0
DRPGHRAEL,0.5346227,1
EVLNRIQFR,0.9909071,1
DSMSVNITR,0.002415851,0
ARSENLIYTY,0.048830554,0
YRCQLCGKAF,0.02458245,0
AIQTPGNSSL,0.025991352,0
KTVKESLEDGTLD,0.69366103,1
KIDDIRKPG,0.030471062,0
TEEPMGITL,0.08192931,0
LRPGNALKRFL,0.16638559,0
LDLRDDKDTIEK,0.2004416,0
SEPPAKESYPGFFP,0.9576124,1
DTHLVACKNPAF,0.85641664,1
LYDKGDFIL,0.9172524,1
KSRGLFSANDW,0.0045947973,0
MDVRPSSP,0.018729322,0
SQAVGETY,0.0062363343,0
TAYKTEYIKIE,0.05149371,0
QLQKQLAAK,0.9510136,1
LEDDHGGAVYI,0.010407764,0
IAQNESPVL,0.2201728,0
LNKNGIQEI,0.05792808,0
RVQLGGSDQL,0.022812255,0
FQIRNLPSL,0.995261,1
FKDREMPP,0.014119194,0
PGVPNAFVSRLSLF,0.016951188,0
VKDLSIVVA,0.043123215,0
KCWLVTNGSY,0.040509943,0
RAELASAAL,0.6333674,1
ALNEKLVNL,0.9810383,1
KRFQAFVK,0.3565574,0
GQLQLTEGF,0.14378047,0
ILYQVPFSV,0.028732432,0
LPREELWIY,0.9818734,1
AAAATSTSAAAP,0.00058961636,0
SRKSSSSSESEP,0.02105915,0
WAQEQCAAYE,0.004482084,0
KPEKENGK,0.58881134,1
LSIAEVVHQLQ,0.5136823,1
KDDNPNLPR,0.16434544,0
ARNQVDVEIKR,0.97673506,1
GMVDARGLGSADA,0.035884917,0
GSLGFAVIRL,0.17105936,0
RPGKLFDYF,0.22433965,0
REPRFSSF,0.283469,0
MSSRSWLSY,0.9758009,1
SLLSNEVQELR,0.41725314,0
MDIQAGAI,0.122840054,0
EFTPPVQAA,0.0041553876,0
RIEEFVYEK,0.043776672,0
WFMVGTWL,0.006578298,0
AAIDARIFHEL,0.9747019,1
EQRSPQDSQ,0.04199946,0
NGLSVQTVVGMLY,0.9707808,1
RVVRLDASGKVETF,0.7052803,1
VFLEPLPSV,0.031856325,0
RAVMKHLA,0.45009813,0
SHLQQPLMV,0.016702214,0
AQALQTKVAQQGLK,0.03572631,0
TRIGLETSL,0.14728145,0
SFTYDYVFDTNSQQ,0.9858891,1
AQPPVGAAY,0.009600629,0
FDDEAPEELTF,0.99518496,1
EYVGPRLSRR,0.020225812,0
ALKSAEEMY,0.08479012,0
MEFRAKKFI,0.048633575,0
FPYRAYTN,0.9231654,1
TXSRLRKLVGSL,0.97221273,1
TLMVLSSRL,0.004561766,0
DSVLCSQIL,0.043691576,0
SEQSIKDSF,0.17057966,0
ALPSLPGKI,0.032637376,0
KMVSRTTPY,0.016913993,0
QTATTAVQEGQAA,0.76916945,1
RADKSTLSTY,0.9737727,1
FRISPHNNQHF,0.9573384,1
APRPREQDRDVQL,0.047772218,0
HLKRFSEA,0.91141003,1
ITGMSEISTPQGF,0.7287848,1
STKQKVAL,0.5007544,1
LSWLDFDK,0.743666,1
ARAGGIETIANEF,0.51517695,1
PLPFLPPGK,0.0074103135,0
SRYQQWMER,0.0017320374,0
NECILLFSDLPG,0.013175941,0
GSPSQKIL,0.15055661,0
TDVNKIEEF,0.44448218,0
AQAKPSSF,0.1684738,0
KLKEMAEAY,0.005601361,0
YIHFENEDCAQ,0.034011737,0
GSPGGRRRR,0.0045670695,0
FASEAARVV,0.9889683,1
DLGEPPLSATCL,0.00043056568,0
DFLASDAVIY,0.040046554,0
RPRDASTLGLSQI,0.005143753,0
RMRHLKIVYR,0.9883122,1
ASIKDPKDLKF,0.9915981,1
IPVKSDMVMM,0.07974995,0
ISIIDTPGILS,0.8907959,1
SPDTFSPD,0.122109324,0
AGRPGLRLLWRRRV,0.33084574,0
AYHNWRHAF,0.04468154,0
PTVGELKLSK,0.0005259943,0
PARFTEAKLLSLM,0.7906522,1
EYYADYYAINP,0.040539302,0
DPAPIQKASALQR,0.99906904,1
MRTFLNYYTVWK,0.18831496,0
LVLGTNMYDN,0.018211436,0
NEDTMLKPTIENAV,0.84935266,1
RTVDSYDPVKDQW,0.025377784,0
SLFGNIKGATI,0.10297469,0
PAGREFILR,0.022393454,0
QDHRGAFLI,0.02281349,0
SDESLCSGRRDSS,0.0051288283,0
QLDDLYLIAI,0.004568878,0
KALMKEIPA,0.0032424787,0
GEEGVSRIY,0.9523345,1
FTAKSPLMYEW,0.88153505,1
GLAARYDESMRTV,0.0054874737,0
EQGGEASPQSR,0.22758864,0
QVHCNNLHT,0.119507305,0
AIPEYIRC,0.002982646,0
LSEAEACVSQV,0.0059834407,0
KQKPSGLTR,0.027933585,0
IPFLGAGIKI,0.006899429,0
KLKKRVLEY,0.36049628,0
LAYALVAGLPPQT,0.008635846,0
HLFPSAEKATL,0.9770743,1
RSEDALFLDVFYG,0.045465644,0
QSSTPEQSP,0.010736085,0
FPQVLRNVVEWMKL,0.21512881,0
NLCTEITLN,0.04925004,0
LFAEYLALGQYRA,0.10275089,0
VQPKQDAFANF,0.9173594,1
PVVAYAGTAIQK,0.9975262,1
VAIKVGGRY,0.99036074,1
YASARAALVEG,0.35433596,0
SEFSKRLLST,0.6742081,1
RLWSKAIFAGYK,0.8235916,1
RPVAGSAESA,0.0013378232,0
QLTYKGAVY,0.960173,1
GEYKFQNALL,0.9937868,1
EIPDRLQFR,0.81014717,1
IPKDRLYAS,0.01377659,0
HHLADPDTPVFER,0.47487274,0
GECPPLAV,0.00010294925,0
DQLLSGFGL,0.012252819,0
PGQATKYLY,0.03040859,0
DRYDSFIEL,0.878829,1
VRAGIMPFLK,0.34785295,0
DIIVVCCGVFSF,0.0010992253,0
YPTLDDEGDSP,0.002209894,0
KRWKAEEHSD,0.24057665,0
KTHALMLY,0.0490939,0
SSEQGASVPALL,0.14344123,0
SACRPWRTG,0.20436585,0
QEELEALQL,0.025327412,0
IHNVCMVFEVLG,0.00084172434,0
DSETAENYAPP,0.041467737,0
LSPVTSEGEEA,0.046182755,0
PMERINLRNTSF,0.07007494,0
MVYMEYSTGKG,0.9930862,1
FIIQYQESL,0.91297084,1
AAFSSALYGESD,0.9578971,1
WSNQICRC,0.0014390204,0
QIRPIFSNR,0.08097791,0
IKPVSGSSWM,0.015974054,0
PEGLGEPPAVP,0.001510425,0
VLSAFMFLYYPP,0.81359124,1
AEDGETREETL,0.9915187,1
DPGTAHRR,0.022762094,0
SAWFGDSALSEGN,0.96474606,1
IETHQGQEML,0.9908125,1
DVTPLSLGIET,0.6757572,1
VMIDEDMTARISM,0.90391874,1
KHCDYHNKSAR,0.0067692227,0
IFNDGKFL,0.989925,1
ALIKQLFEA,0.3513448,0
LEEPNVRVL,0.74222887,1
LRLSEDQRQQ,0.04723231,0
NLAASAKEGGEG,0.026449736,0
GQAHAGHYY,0.9713814,1
RHVSLPVES,0.005272624,0
HVAGFTVAH,0.008551201,0
KIYAVFTD,0.025011458,0
GVLPQSVLDLADK,0.94623023,1
GESKTLVL,0.778072,1
LLASVNVA,0.033133812,0
RLAHHSQRAAF,0.7564454,1
QQLNSRTVANKV,0.0115612885,0
PLTPLPPVSMAIR,0.0006085775,0
VTQGLHPSD,0.033942606,0
LVKVEALWSQ,0.009298053,0
SELKDIRLQL,0.6967758,1
SPYAGAAGF,0.95154935,1
CKAPGGTP,0.00013171327,0
VLKPVVELL,0.9847135,1
PVTGNDVGIRR,0.0056936895,0
ALPAVKVKLFTES,0.04429968,0
NFESDEVELS,0.0097039845,0
GEVEQLNAKL,0.86658245,1
DPWKGGIDNP,0.039144166,0
LLLWRYPGNLIP,0.9991543,1
EWGPGFRAGPP,0.05524352,0
KLCSGHGSCTT,0.12293085,0
FPSSQMEGKAGPL,0.016769443,0
TEELHHDRVTL,0.6373758,1
GEGCVKIVPIN,0.90239424,1
RQQQMVVAHQY,0.69186366,1
ITFPTEYVK,0.9539194,1
SLIGKKGQQKTV,0.9641546,1
SSPPSSPGPASPG,0.0015786429,0
KDYIALKEDLRS,0.9985588,1
VPAKRPIKPSRS,0.9756977,1
TRYIYNREEYARFD,0.9981987,1
ELVIPEPYPDPA,0.97279197,1
STRYPPPAV,0.0015629855,0
SMDELNHDFQA,0.0065324716,0
TNEKDMYSF,0.010098062,0
NVAPRRQQQQTP,0.013625674,0
LLKANSKPQSL,0.8131714,1
GAVAQLPARPPPT,0.61628747,1
SVDKPKAFIHWV,0.06221861,0
KANKWTGQNVSVI,0.032273676,0
TSPNLPLK,0.026545553,0
KLDDLFLKR,0.9500199,1
LKLLRKAT,0.9815979,1
SPHASTREY,0.9171333,1
VKALRETMEILVMV,0.010767118,0
QEEIGSRNFF,0.09452387,0
GLPTYTLAV,0.33190292,0
RKGDNEAQL,0.41468275,0
EPSSVQLEEQ,0.0671004,0
VYTKNYKKDPKKML,0.95481485,1
FELKVKQEEGKET,0.040220637,0
KLTELTQLY,0.7101691,1
KLGSSIDRL,0.09049649,0
TGGTAARA,0.66607255,1
QYPFPLPVFDMH,0.019835435,0
AVYENAREK,0.91970277,1
FFLRMDENYSILP,0.9671966,1
MGIEQAAL,0.91610205,1
QISSYKSEIT,0.9716693,1
LAVTDTGAL,0.22660373,0
EEDMDTQG,0.01635695,0
GSGMGSGMSGM,0.007057664,0
VAKDVARL,0.98931944,1
SYCLYRDMGL,0.001885236,0
KRRWDDDVVF,0.97604054,1
LVARQHIEMST,0.30254447,0
PTCQEEPDTP,0.023245573,0
KQKQYQQQI,0.004377737,0
FITAAARVL,0.99127686,1
FVPFLPLEY,0.9664582,1
SSATEVVLR,0.053257108,0
SWQHTYIPVLPPAM,0.2613269,0
LQELEYCQAV,0.06505363,0
MRHSFFSGV,0.08436546,0
RLERGRRQLGQELD,0.95430094,1
RQASVIIQR,0.44903034,0
VVNLVVLSSAPTYP,0.8933012,1
MKPPQVVRV,0.039647516,0
SCLRVVFIPLFIL,0.28184965,0
TPVLAVTATDQDEG,0.91777396,1
FNITCSGYESH,0.01071579,0
KLNPPTPSI,0.012284802,0
ALSSLDGDLA,0.0063918023,0
SVQELINEK,0.048539873,0
GSLVHISY,0.6846118,1
SLHSVIIQL,0.88187337,1
SDVVVQEL,0.9668766,1
KLFHSTDTK,0.86417586,1
RSMEEARLV,0.0058491477,0
KAAFVPEMETEVG,0.3837677,0
SKYHRFISF,0.00787948,0
VRPVALVL,0.0050433227,0
LYSPKIEVHF,0.018806906,0
VHQLSVTL,0.016975304,0
QRPCARKCS,0.0009501287,0
HNRPKKVMLT,0.108076245,0
GLIQPGDIIRL,0.05819666,0
TNARVTAKYHG,0.008080492,0
SMAPGLTSVEII,0.02379765,0
SCQPCQCNGHADD,0.0016502135,0
WEFGNVVSMR,0.6475286,1
EVFKPENISL,0.15235992,0
GVAWSSGENEA,0.021847302,0
QLKSSLRKLD,0.032705747,0
KPAAPSFGVL,0.9679965,1
SADLEDEGSYK,0.9814424,1
ELKIRRVL,0.9644974,1
YELPTDSHASL,0.012914278,0
EELAGLQRHW,0.13662688,0
EAVRGLETALR,0.9071797,1
GWLLVVPP,0.004393073,0
HRPPLLVF,0.77831197,1
LAHRLPVEGAPS,0.92298913,1
AVKKYAKNPT,0.98616797,1
QSSYGGPASQQL,0.9579229,1
YTMKKVHAL,0.062020686,0
LKPTSKLVALKRK,0.9976683,1
LRRAQPAATW,0.03919091,0
MSAPVYNAIKLM,0.063515425,0
KELSSVKL,0.0253687,0
TSPGKKRI,0.053365942,0
FEDNLGATMDTSVS,0.028235205,0
TKQSFKFDHL,0.013161368,0
LRPAPPPISGGGY,0.9756216,1
YQLFNFVLS,0.009285438,0
HVIPTISSI,0.47464082,0
ALRRWKENTMARV,0.032533444,0
QGLGLYRDK,0.004526343,0
SVITTLETLK,0.99665123,1
VPRPETAVA,0.98740023,1
FPMNTRHANPRGTH,0.10023869,0
GSKPSSKYTPSLSE,0.012586888,0
FSDNEAERV,0.68900967,1
PRTSEIYVHR,0.0058397586,0
DGTDKTSTI,0.29332975,0
SRSPAGSQQQF,0.1508109,0
VKHQAQIDQY,0.9709673,1
VPISTRFYL,0.86255634,1
PPSLIIGKD,0.8779868,1
GGWRFQGSW,0.13261136,0
NQPHKCRSDGAP,0.0063156094,0
NSSSVRSDGSI,0.0027629265,0
EVGKKLLEW,0.012298105,0
RTGARVWLF,0.21124,0
SSDEGELFLK,0.004533779,0
STPLYHNAIKTIA,0.813708,1
VQPDDPISF,0.8563635,1
RYISGKLVTTTTV,0.986187,1
FPHESARL,0.38708872,0
SRGNSLSP,0.0064932234,0
EVKPPSST,0.00024174649,0
GSTDIKKAIA,0.041663673,0
AFLDSQTATF,0.034673348,0
KSTSTSDPVI,0.006880118,0
VREEPSND,0.012100215,0
PPDPRDCPQ,0.15583615,0
QHLFTPARARALQ,0.8956171,1
QKKALHLAGSELE,0.896208,1
SLMSASAE,0.008742248,0
PGQYIQCFTV,0.013829393,0
GSLDTPAWR,0.08499044,0
TSRKTSLFLGPSM,0.1121522,0
TVDADEEQGLIHG,0.16624661,0
ARHLESGA,0.0035486526,0
RLMMDPLTGLN,0.020968875,0
HTGHRPFQCH,0.016212095,0
WTWHDERFLY,0.027993802,0
FRPKKLPTTTEQP,0.017590558,0
SLGKLAMGSD,0.04018978,0
HQRCHTGE,7.922979e-05,0
TTPQHTAIGAHP,0.6043096,1
REIQGQVQAV,0.7473575,1
HPFRDLTQL,0.7154326,1
NVISKSDVK,0.6539212,1
DAMPNGTGPTDGFG,0.0012957569,0
ENIQQFRGHKGG,0.7685239,1
PAMPLPSQ,0.009680451,0
RPGDPGPEI,0.009385068,0
ISEKQKAEE,0.893178,1
NTDPSIVMTY,0.7031781,1
DASTQVLLY,0.015970036,0
AELENFSAIL,0.0009027773,0
EKLTDIQKEKNN,0.31239736,0
RKPTYEKDVD,0.96233743,1
KDTQSVALDIPL,0.91779864,1
LPLSLVLSVVTSAL,0.025442155,0
ESSSESLSSSSEDE,0.00064937945,0
TGGKKNAAIKI,0.945948,1
AVGGLGKLGKD,0.6993771,1
RSFKATKF,0.72098184,1
EARDEMGVSSD,0.13567278,0
QTISVDRSHIAGA,0.9204595,1
STYCSTIQK,0.73404723,1
KDGREVYNGHQLGG,0.2249477,0
EYVMGLESRVR,0.65946496,1
YLLPIGKVV,0.9396027,1
TVGLLSQTYL,0.9711501,1
CEPMSIGFN,0.0008059807,0
LTHNKDYSL,0.0813778,0
PFSIIPRE,0.030712431,0
SPCKNSGKCWQTN,0.009211563,0
YIRRNMINKL,0.02182246,0
GGPSSKYKPWGPA,0.3231772,0
RLFERLFEDY,0.9921198,1
EERYALETAG,0.94028336,1
DVFVVEKPDHS,0.6360733,1
FDVRQLHWSEYI,0.10087474,0
IPFRTYVI,0.27922454,0
NYVKSNTLNSR,0.90724385,1
VGKESKKNFLEK,0.76153725,1
FVPLLDSAIEAYH,0.3947366,0
DQRKKAYADF,0.9008011,1
KAKAEEKKRRKM,0.0046421234,0
TSRHSSVQY,0.0024156305,0
KKKGSDDEAF,0.08326944,0
AEATQVFPKLY,0.037937563,0
SCKKLNECL,0.0020841782,0
NNVVRRHLTKYTLL,0.011124378,0
REISIITSAL,0.57024294,1
GRYWSVDKL,0.67520905,1
TIKIWDTTSKQ,0.74099517,1
FRHPNIVDF,0.039290193,0
SVYPEATQR,0.05397439,0
EVEPGEDRTIR,0.9660502,1
EHHPDSPLL,0.3334871,0
VAIRNKLLLITR,0.9946367,1
ISVVQNGF,0.28586373,0
LSQAMQEGA,0.0011376239,0
EMWKTIKFEEH,0.99169606,1
SEREASAVL,0.9722582,1
SLARQVDGDN,0.30939668,0
FGKDKSPKFQ,0.3621203,0
IVERPLPGY,0.99846125,1
AAMGGTPAFYM,0.0007448036,0
RRKGEPVT,0.8512546,1
VRVCACDH,0.00037866586,0
TEQRLTVES,0.19426773,0
EAYPIPTQTY,0.90131605,1
EAFSTPQQLEK,0.54511046,1
KQLWNPPQV,0.0068308804,0
LPCEADIHTL,0.0063198423,0
FNQDSSSCGEGR,0.2608407,0
EAYPCFSEALKVP,0.6873717,1
AELAGKILSTW,0.93487895,1
SSINSRFAK,0.11346821,0
DFYPNGGKH,0.08727788,0
VLFDAADANAIEEV,0.6545588,1
LAPEYEAAATR,0.9694159,1
QEGTSGKTAL,0.10772051,0
KAQLTGGILL,0.17424814,0
FEYYHTTDPSF,0.0431226,0
VYLTHLDY,0.008385024,0
LLDGKVVNV,0.9911923,1
QLYSKAIQRV,0.17411298,0
EPHETLEGI,0.0006667878,0
LELAWRHNLVDL,0.93978477,1
TRVPHSKL,0.0050137704,0
YVNTQGASL,0.9812945,1
GEQYWEVRYEPD,0.98240995,1
FGSLQNFKEDKAK,0.06931762,0
GFRFYADADRKSS,0.02687261,0
EERPKAPSAVRPSA,0.66106427,1
SCKSSGKFISSV,0.00012069912,0
SYARELRDREQRL,0.4631158,0
PFLPQLQTTF,0.09571797,0
GLHQTSSIADYI,0.020225879,0
IKKDEQEHEFY,0.48663226,0
YLSLLYCHLY,0.041402467,0
RPKSGIAKATAA,0.95593303,1
GIVWGNIKKKL,0.0052871136,0
LKKKLDAL,0.41911933,0
VRDLEAVVAL,0.03885389,0
ILLDNREYL,0.9899412,1
ADFAVQPAV,0.0043112068,0
SPSPPQAEA,0.0031411857,0
LQQDLSNADQI,0.0050073904,0
KQYSLDGLDLDI,0.041874815,0
ILLTGGAMLF,0.9471752,1
PFPYVPDLLSLFNR,0.012734957,0
PYFKPKVKVSF,0.070765264,0
MVLREWLSQLEKT,0.94849753,1
APSASVVLL,0.005302554,0
KKDYDSAAEKA,0.027869813,0
HPANFLFLVET,0.638248,1
AATQAQPR,0.054462686,0
LAETEGRY,0.8538892,1
RPGGSVDA,0.0075141788,0
EELGLVTHL,0.013983547,0
TQAESAQSNRL,0.884554,1
WQSIHQMPQKSR,0.7164201,1
YIIQNIPGF,0.6771405,1
EAPERPSL,0.024161665,0
FSMLRAWLL,0.9672692,1
KVWAPVQGL,0.65277326,1
KQNKEVLEL,0.2263596,0
RSLDVVGKIRR,0.9866567,1
TLINKTLAA,0.013055502,0
TFVIGLHD,0.080019474,0
VTNGADNALRIW,0.0024901552,0
ALYNIPSYY,0.12352301,0
KRQDMVQRL,0.039920256,0
WTRLDLSQLGAIK,0.97438115,1
ALDQDHVAVL,0.0063619907,0
GQLDPTQRILY,0.6517174,1
VTNKCLIAEVW,0.01942248,0
AKAKKAPRLRL,0.9671327,1
KKQKPSRVLY,0.2799469,0
TSDKPLQGDGY,0.014022048,0
IVDITKDTFY,0.913945,1
ASVSTDSAF,0.086405955,0
ATGAVSAA,0.024354063,0
KYWKGKHLVL,0.9852702,1
WHRTLASWL,0.11131796,0
VKNRTEQTQTLKS,0.011506967,0
AGAAGGGGGENYDD,0.00078297424,0
RGRGSKMK,0.0022903853,0
LEEKHEALLKEKER,0.013316813,0
DLKLICEG,0.00831434,0
LELDTLVDNL,0.009008029,0
YTTTIKPVSY,0.7045971,1
LLSSNRYTEKQI,0.07293747,0
RQLEFSEPDFVAK,0.029766498,0
KYQKIQLQR,0.99456465,1
GEAMGHDG,0.021894462,0
FSESVQVERGDTEQ,0.0007965891,0
DIIDLTCLTEQN,0.010950514,0
SAQLLPVL,0.17820358,0
SQNLNHRDVSA,0.2637862,0
TATEQWVLV,0.0032105288,0
ISSMALPI,0.17966835,0
EYIFLAVGR,0.010023426,0
TRLINPENMGF,0.031161763,0
MVRVFGKGFK,0.86463416,1
YYRGAAGALLVY,0.98932844,1
ISQTSRSSRRLT,0.8651035,1
VIMTPQSQSAGR,0.06379809,0
SAEVRVSYYGLKT,0.70746106,1
RALLQKYA,0.78802633,1
VQIASLRRTF,0.30384818,0
DTPGYVPGY,0.032178506,0
QALQQLLQW,0.015752608,0
VYHKYSLIKGNF,0.9097538,1
SSTNALQMDVLE,0.009163677,0
VLAAMQDPEVMV,0.51020163,1
EPMKVQDSVSIK,0.8200017,1
EGAGEEALT,0.26879764,0
PSGRGAEQQ,0.0032187556,0
EQIQFHLDEYPYQ,0.50501513,1
ASLPVLAPSPG,0.005520237,0
LQPGGTTMLVI,0.014111099,0
KASELGQT,0.724224,1
MEKEISNAL,0.18453589,0
KLPDIFQSY,0.7545316,1
FAFQNSWGLTTR,0.2678775,0
ELRDYVKAR,0.50410366,1
SAPYLRGTL,0.016989889,0
LLQQNFDED,0.2110083,0
VLPSFTPYV,0.0036707541,0
LPNSFPENFVF,0.31632578,0
SVTGDKVVVTYS,0.032352004,0
QSYKVRLV,0.62821627,1
YTDAPPAYSELY,0.9688806,1
EQVANSAFVERVRK,0.8615897,1
LRANVPNKVIQ,0.98055595,1
HLQLILEVYQFARD,0.012416575,0
YHSTFIGRAK,0.9940316,1
INLRPEVD,0.21869639,0
SDNIRIETV,0.9576653,1
AQASPSPSI,0.0045511294,0
NAGHGGHGGAGGDA,0.0024957045,0
SLFSGILKEM,0.7985766,1
AHEPVNELSAL,0.040862925,0
ENIIVHSNVI,0.28750148,0
WSINGSPIASANT,0.9974227,1
GPQFARHVL,0.91705644,1
IVSAPVPKK,0.54433703,1
KSFVFILEPK,0.97880566,1
LPDHSFCDSLWHNI,0.16226003,0
IAAGTLRQM,0.80294085,1
RSYATLVKQENI,0.0061675212,0
QAIKDICAT,0.029795827,0
PKTEAKPIPGA,0.0058626863,0
LYLPTRVTAIHI,0.2779528,0
FSPNRVIGL,0.95103264,1
FHNDLALVQLW,0.018120203,0
IVIPPKWR,0.008804823,0
RLTGLDLP,0.002187857,0
ALQSLLHLL,0.023801707,0
SQEVGLVEQ,0.0994905,0
TEDNNNNPAVV,0.33824047,0
RLLRYLIHL,0.9563534,1
ALDPKNNLV,0.21128057,0
LAKVLPNRPEVM,0.019240396,0
XXGKEDLXXXXXXX,0.00095102226,0
ESPRGERDRDRQ,0.00874836,0
PDVNFDELA,0.0024538273,0
GSKAMDRS,0.0037298028,0
CQPSGWRLVSERL,0.000853116,0
LAANNLDLP,0.046287235,0
RCDNLEQR,0.009201563,0
IRVNIPTN,0.017656105,0
DAYLSLTSRMT,0.81311816,1
TTHFVEGGDA,0.008982424,0
AVAPFFKSY,0.9605092,1
YLYKSNQR,0.9921693,1
PPGEVNQNS,0.0009949105,0
LESDAVECLNY,0.9665678,1
SLRETLETL,0.01016437,0
EELFIVSKLW,0.42931792,0
RPRDVSSVEL,0.030771025,0
QRKSPLQSWFAELQ,0.022955382,0
QRLPVSRIKTY,0.024597894,0
NAISGPNEFAEF,0.99613875,1
TQLNSAKLEQ,0.01619364,0
LEQAGVDASES,0.033285633,0
AMLALFMAT,0.9780839,1
APVPPALSACP,0.0015893406,0
RADDARQL,0.52646923,1
MVIFELSV,0.0065991366,0
ALEFLKSNV,0.109248385,0
PEDKLHDQCSPWKK,0.0018660912,0
AENQSHDYKA,0.008059529,0
NEFSEVAKTL,0.8319239,1
FGLLFRGQKVNG,0.94355917,1
YSVEMPTV,0.0040921816,0
SEHSMDTL,0.04700303,0
PPPASPFQ,0.013635893,0
NPAQPSRR,0.8468543,1
LVKEENLTH,0.96450746,1
LHKQTHVAA,0.00021547389,0
AWDKEPVLV,0.008676945,0
TFKGHTGGVTAL,0.0128507605,0
QPSTTGIRKQW,0.0039767968,0
SLEQGTGENSF,0.24419002,0
ALYGRFTI,0.0021731602,0
VEVPASVTGY,0.0059843506,0
ANCAVKNWI,0.0065170415,0
VDEKLGIAV,0.83199006,1
ALANVNIGS,0.00272053,0
SHSSHLKRHER,0.029285964,0
TRPDKARRL,0.011561615,0
FFWEALNMLQRAEG,0.9847947,1
TEIQQQSAL,0.4421892,0
RIIVDDTSTQW,0.45820865,0
EEVLIKNGEI,0.9113751,1
AMGQPWCF,0.0021472136,0
FSIPDSLLI,0.18994534,0
IMEVTARWLW,0.0013090222,0
SVVVVGLGKKTA,0.23157156,0
GPIYYRDSNGAIL,0.9802627,1
FLQRLNSTHLYACG,0.9952093,1
QTQDTELVETRPAG,0.9918642,1
AEIQGNINKVNTF,0.98388827,1
RPSFLGSTF,0.027846258,0
SETAQQKNF,0.9719069,1
EVADFKVFTK,0.9693551,1
SPFPLLFSL,0.06552248,0
LSNTTAIAEA,0.0003006691,0
FSHSMFMGFYLLSF,0.004426594,0
HPEHQQKCREE,0.58382607,1
VGIFISSIA,0.0232421,0
RGGVVLDREEQM,0.9599136,1
TKHIKDIK,0.13981009,0
ELKFKVSTD,0.9025614,1
RLVNIYKNV,0.005904779,0
FTEMPTDNF,0.090443574,0
SEFTKIITP,0.01848427,0
AELRSTASL,0.97691673,1
DCTLKEGVQCS,0.07714938,0
KNSFGQRIY,0.22270674,0
ASLEGNLAETENR,0.9930627,1
LSVTIFMFL,0.014891876,0
VNLPPDPPPH,0.007494688,0
DALQAYICAVQ,0.035202682,0
WYLPPMTRQV,0.020833662,0
DQSTSGKKKNSS,0.0015238994,0
SYQMGIFRIL,0.01029683,0
YVPFGANQLN,0.9946679,1
LSWISFWISLDS,0.003027058,0
RHFSRRNS,0.0024178054,0
VSSFTTLFSYGP,0.22736666,0
QNILPYIESFFV,0.019545252,0
IIQDYKPKD,0.90957487,1
LELALEGERL,0.14556402,0
NAGFLSYNIYL,0.78611517,1
KVKMTTHLK,0.08472516,0
DYPKLPDRSQHEKD,0.94004995,1
AWERDLRLYMNL,0.027706878,0
QGVQQRLAQD,0.46294758,0
NNTVYASVTHSNR,0.99443215,1
VPIAGRYRVS,0.8096302,1
FCPEYSISL,0.018273473,0
LPYFPHVME,0.93236095,1
YLKESGVQRLKKV,0.15774314,0
NVVDIVGPT,0.9549856,1
VVGACGVGK,0.045921836,0
GRQELFKIL,0.0395332,0
RPRTAGPAV,0.0006539621,0
TLECALIGT,0.004754751,0
ECWRTSLI,0.00090236287,0
ELEEELLEE,0.020046912,0
KDLTYTQSDS,0.32173714,0
SPSEFERFSL,0.4008238,0
NGSSRNLDGRR,0.0059609897,0
IIHEIAVL,0.88703966,1
ESVECRDMVQL,0.025599813,0
HDKIDQIL,0.3547114,0
AAPWKAKGCELVRR,0.577171,1
PPNASLPD,0.00027523533,0
QREDEQSTLF,0.025446458,0
LCLQNHMRASV,0.0021597862,0
QHEQPFASIKYTK,0.0032747546,0
TPGPDTRSCG,0.014471604,0
YNSSLKTSNG,0.013810994,0
VTALDGIR,0.022667732,0
QTGAPHRDKPR,0.8432572,1
STFFGSEER,0.49134737,0
AGDFVNMVEK,0.53630275,1
KVEVSKTTY,0.17173788,0
IIVPPNFDKY,0.981902,1
SSGDFLDLKG,0.8800804,1
IVSSVNTTSK,0.026120469,0
FVDGPLSKGVDQ,0.9537101,1
VVELKSGGKDIPVT,0.96990347,1
PTFRQLGTIQQVI,0.9708002,1
NAGEDPGLARQ,0.6429205,1
CAGIPDSKK,0.012429186,0
SSSSSPVV,0.00022564924,0
DSDKVGVFY,0.99208987,1
QPKKNRITY,0.7897383,1
YDPTRHNEFD,0.9862497,1
RPLQSNNNL,0.6312696,1
DKAPDFLSPSG,0.8006898,1
LPSYQIAVIQ,0.996314,1
QMSIIRSNAPG,0.8935946,1
GRISHEFAL,0.52965426,1
GLELAARRGRPRPQ,0.7414197,1
NAVEQDYRL,0.5285818,1
VKQTRVPNIFSL,0.18694244,0
QVLDKFIHV,0.016297875,0
DHLPARETCEEL,0.06098772,0
ILRGGAEQF,0.9569699,1
YVSINSTLE,0.027759375,0
GSSMEPRTEEKS,0.013673635,0
DAQEFLHLARN,0.9971841,1
WLSVLPSE,0.002849133,0
NLYPHRTAF,0.020142617,0
MLYFSNQDI,0.38098797,0
TVISWFLSN,0.10546759,0
EVTDELKNYEST,0.55749685,1
GKLPNFGFVVF,0.95768464,1
YTYEKLLWTT,0.5161841,1
GLMDSHAVLQI,0.9825386,1
RKDITSMKGTIVA,0.8074574,1
ESQRLIDLS,0.9551289,1
SLDESILLKW,0.019226957,0
KSFEGNVFMYY,0.9946983,1
MPWLLSAPKLVPA,0.0219908,0
KGEKNIPGLTDT,0.96906215,1
IEQETQLTY,0.8825473,1
LLNAEEHSI,0.4431444,0
QLFDYYASSGMCLL,0.0062326593,0
KSMNHMNYL,0.26166558,0
NDIQLSRDMTM,0.9312125,1
EAIAVFMEH,0.28011924,0
GSSSSSSYGSGRRF,0.9533031,1
VSSGVQRVL,0.4641894,0
ALLSLSGLEA,0.01756735,0
RTDSHPQLQ,0.1926038,0
REALTKGALW,0.008927094,0
MQEIARAL,0.9447866,1
PEEETESWI,0.008219663,0
MSSKAMLKV,0.2958247,0
AEVISVLQKY,0.9882059,1
ISATDLVL,0.0063921865,0
PQLSVPNLDDQAHL,0.01520669,0
QNASLQAAIA,0.0029614742,0
DAVQILGGNGFNTE,0.995112,1
MPYFFTLLL,0.3407456,0
QGRPSSMYF,0.0023375498,0
SSNTFKAEK,0.49995705,0
AELNAQIITA,0.017687468,0
AVMAPRTLL,0.2601612,0
GPALSRHLL,0.0108615905,0
IMKYRNKRA,0.9499675,1
IQPNTTGKQLF,0.5479058,1
KKVRKEYAKC,0.78917927,1
VQYPVEHPDKF,0.49369803,0
DGKVVSEVNDTK,0.02887207,0
LMPFGTGTSKCPGR,0.007446279,0
WNLNDTDLQIMNF,0.042104423,0
PSQTHTIRI,0.027605444,0
KCTYVDKYTQTSWR,0.18762325,0
GTDPETLHY,0.00040997608,0
FSETLQKAVQSC,0.0009882702,0
TYKDYVDLF,0.003789664,0
FESLASQF,0.75072986,1
EIIDNSQGF,0.72524244,1
TIDLDPVIY,0.9801363,1
FCGVYEQPYY,0.07832779,0
GRVVGIIKR,0.4999099,0
GVINSFVHV,0.60665077,1
TTHSLLDDKMQKR,0.014320545,0
VEAISRDLTEQ,0.9830184,1
LSHDTIRITW,0.08495392,0
YSIDFGDKQSL,0.06014385,0
LHPGAYLRTFWN,0.040985584,0
QLLPYLYSTYVQG,0.6218289,1
VGTVKVRNLAFEKT,0.9034139,1
PTDQPPAAHAKPD,0.013865566,0
NPGSSGPGGTGTWN,0.9790715,1
SPVSRIGLF,0.33655718,0
PEHYHHRAVTDAIS,0.0035568934,0
AHNPQQIYF,0.96857655,1
RLLDDNRELLV,0.043914687,0
APMDDETG,0.03818496,0
FAVDEHSRK,0.99361104,1
YEYSGYNYLAY,0.7784332,1
GRRLCELF,0.00016152824,0
ERNIMVIPDL,0.6315826,1
CCVSYLKEKSCMA,0.025695883,0
SKVEDMAEL,0.08062482,0
LEEQLENETL,0.24648145,0
DFMLTQPHSVSE,0.93439627,1
EIFDGNVAH,0.19438173,0
QLEMELTPV,0.010692597,0
TVAHLVGALR,0.92702436,1
AFLGRAWC,0.055994123,0
STDCPTQT,0.00014832929,0
TLLPSLPEQQR,0.6275482,1
KIIEDQQESL,0.99202853,1
KTKDVEILHL,0.37184778,0
DEPPLFTNVCD,0.008216382,0
RKKLPVDSVF,0.97383624,1
KTVTIKQTTGETT,0.38034496,0
VKTLCERSSIT,0.01528016,0
ALGRKLGEGY,0.9813731,1
VFDIHVIDF,0.012397854,0
SILETSEEKTAP,0.47712463,0
SSDNTIRFW,0.17319262,0
LPKRGPQAFDAF,0.6861892,1
MEYLESKQFL,0.9928999,1
CYIILKTYIDDS,0.370772,0
GGQRLSFG,0.3658892,0
KIDDVVNTR,0.7851726,1
NDFLSISEDVPG,0.7855726,1
LVVHVRGLVD,0.09114409,0
VPVNHKLQAPE,0.99227434,1
AKKHNKKGLK,0.27957937,0
NQLGLLNHIPYKK,0.1264143,0
YEARHGPL,0.011136408,0
QEVRELRDLY,0.99636024,1
EDNLPSILNALE,0.27296197,0
ALLKNPKILLL,0.9992914,1
MAAVELEWIPE,0.09039267,0
TKVQEEKIKTLQK,0.20876162,0
RAFPHCLAF,0.0016401339,0
TIFTLTVAW,0.0015924143,0
TGEPVIYYLVKWC,0.042409655,0
KGFYDKDSSGW,0.03930644,0
SPRKGYTL,0.6996391,1
KEQETALRV,0.006818398,0
TNINENNPTL,0.029027969,0
TVPASQKLR,0.2806749,0
LFRDGDILGK,0.15474546,0
SHACSPSLLW,0.00015220491,0
EQKCEVFDDEEESK,0.017986951,0
GRLRPGDGLLR,0.0070557594,0
SGVRLPGAFLP,0.0019120967,0
LEVYQEPDDIV,0.009746701,0
LSPLMARVG,0.97003496,1
QSRKSSPKATEPVM,0.016479895,0
WLMKNLSI,0.0017123128,0
AVLSLFQSI,0.9682233,1
DPQFTAISAR,0.98540837,1
YQDQEQRI,0.3009964,0
TLAAEMQELRV,0.043097675,0
LEIDPQKVNIN,0.9962681,1
RKSARPPDSPRSVC,9.393166e-05,0
PDHQVETGK,0.011535944,0
PEKTTQETMDKVN,0.022000536,0
GSSTYKTRKG,0.39463183,0
LRFLHENQL,0.97835356,1
GILNPGNKFMIK,0.5265603,1
AYEPNYTPDGKNI,0.9990866,1
GLQPSSRA,0.00935699,0
DILSESLHSLA,0.012254762,0
RLTATSTSW,0.0057389685,0
NTEILERE,0.020429578,0
NRTETVTSF,0.028347032,0
KTGFAASVEKTA,0.98683816,1
VDRDVDAAI,0.9683631,1
LPPCNPPVSSG,4.742028e-05,0
KKDVDNAYMIK,0.1238202,0
EDETVTMDN,0.12706728,0
ALGKSSYG,0.0064857034,0
LAFVLDHLL,0.41542822,0
YLASHLRQL,0.082259096,0
KLDEQGLSF,0.81119925,1
YRALKGGLDEYLE,0.028503962,0
LEPEEKQAL,0.94261235,1
IVVLGPEQF,0.9523821,1
MPSAGIPLLGDPAG,0.004833005,0
FPALSGSSRSNSYT,0.6460185,1
NQLTRQLE,0.08833854,0
AESASEAAKKY,0.027220951,0
LQRWSDMSGD,0.0009539161,0
HVQANTDGQQV,0.0059183245,0
LHQLPPRNN,0.0005774637,0
PWSAWSSCSA,0.0010394496,0
LAINGSNLPR,0.0076772803,0
FNDVTTRL,0.023749921,0
PSRPVPRVL,0.04491133,0
KPPTQRPGDPT,0.0015524544,0
DKTGVIKAA,0.8684372,1
RKSSEASPTAQKS,0.064147264,0
GERNVQIEM,0.9644443,1
ALVRIGKGQ,0.28791142,0
NIIHHLAAISL,0.9968189,1
KTFESLVDF,0.9702976,1
GVIDMEADPGRLK,0.98726207,1
ELARMMREYQE,0.032186776,0
YADRGVVP,0.8554642,1
LQAGQCGNQI,0.00012642237,0
SESELLVTI,0.044417284,0
GGETLSGR,0.013341095,0
HLKCRLRMDK,0.23337689,0
HAQALRKVTSLM,0.7848335,1
LNLQLKWKRPPE,0.71188855,1
LNRSQLPTSGTSSL,0.032175817,0
TAYAYATVL,0.008072879,0
IQQDKIYLL,0.91552174,1
IVFVTGNAK,0.049885496,0
DVMDFYKTL,0.10371764,0
ALKSKGGAGCMC,0.07375013,0
VRLLCERVWHPACR,0.0079360185,0
QKLDEMAAIAAE,0.3219699,0
FRLINIIHV,0.06578597,0
RVEQLVREKIHL,0.8009251,1
RLNELKLSV,0.0043574492,0
AAHPDPEHSQ,0.013654844,0
AEDELRKEI,0.75445956,1
DTSSGGPARAY,0.7076801,1
PARAVARA,0.006917877,0
LQRFCSQLV,0.027247405,0
LSSEILERL,0.054143578,0
TEARFDSNCITP,0.021025654,0
SAAGILNKNIQPDE,0.95263016,1
VEADLVEAL,0.0223125,0
GWHHHSGYCHSLIT,0.001557287,0
HVVTFTFTQK,0.12459677,0
RPLPRQGATL,0.9104114,1
IPQSVPGVQTL,0.008774579,0
SLEKIPNL,0.84387046,1
NYLFGGFST,0.11493755,0
RSSSLLDVSIDVL,0.59365195,1
LAHATSRPESVVGI,0.0018295976,0
TSQVTMEE,0.0009260076,0
AHFLLPATLLISFV,0.027720455,0
DGEWKKSINV,0.24497698,0
SASSMINGV,0.04545473,0
SAQGGASTR,0.103960924,0
LVSSALNVAEDN,0.9853799,1
DLLAKLVGYA,0.8654165,1
ITLTGLKTEST,0.9672126,1
CCLSVVKDYVLFR,0.010687061,0
LSEQEGNRSKLV,0.02858118,0
LPMIIGEPI,0.7577765,1
RSHGWKAAFQWM,0.001315134,0
LHASGSAL,0.006394859,0
GVTSFFEEEM,0.1181159,0
EEFRLQEEQW,0.008153271,0
ELVSEFSRM,0.017805541,0
VVGGYFGLP,0.007935343,0
AAAQAALQSSW,0.030658964,0
IPYEATEEQL,0.6734623,1
SPSGSKMQL,0.35368347,0
KIFGMEIFGCF,0.04140686,0
HRWMDWRDRWGQE,0.05233076,0
KTANELDKRR,0.03149461,0
TGPATAPVPRPLGS,0.0076529146,0
LTLLESVVNQRCH,0.033679307,0
PGGGRNPLT,0.0024373285,0
SQHKFASNV,0.6213578,1
RAHRVKFSSSVL,0.024610326,0
VIGIQRMS,0.8573428,1
DEDDRQTVD,0.96797925,1
VGSSETMPTL,0.011982351,0
AGCSDTMGSCCSCL,0.0013354097,0
EDVLESYENPPP,0.014945177,0
RRNTPFHERF,0.014785789,0
FADRSLLEM,0.9712279,1
LKTDPLWEDM,0.00025399143,0
SHIRGDINIL,0.0121873235,0
SPSFPRPSL,0.94351745,1
ASAGNLKPVW,0.004715889,0
ESISDVTTCLVAS,0.0065787304,0
QPEANCYV,0.024087632,0
FEFDEQGREL,0.97993314,1
GHLSDKNNP,0.0022990052,0
KVKDEKIRQAFY,0.2091779,0
IKSCINHPEISKD,0.05481118,0
GESPSHPSW,0.023180835,0
RQKRDEEVQQY,0.73773503,1
EPKLAENE,0.025271798,0
YYMDEIAKK,0.8857873,1
APANFRPLYRAEQT,0.981847,1
DQLSRRLAAL,0.042689405,0
ASGTLDVPK,0.036687385,0
RRLSPAGAALL,0.9895064,1
AKNNGGCKQLCL,0.0011443926,0
ELGIIPRAVRH,0.97613496,1
TATPVVQCM,0.0022614293,0
GPTPPTAGACDDP,0.005468105,0
CSSHPPARDGGLGP,0.027820801,0
YTETVNHHY,0.04096735,0
RYPWRRSADRC,0.0062249023,0
SLGRAPRSRGEN,0.015243466,0
TISSNVASK,0.97907865,1
ILSSGMMHGIVDPE,0.03052949,0
ECRLLRKDE,0.018852327,0
AHRIDGLAAL,0.021439083,0
KIRKENPVVVA,0.12204607,0
GLTPSPSATTP,0.0002513358,0
ASISNISPH,0.033088572,0
EEYPDRIMNSF,0.0633046,0
MDVLVSGPYLS,0.015273501,0
IFANTGHFKGNVVA,0.58857065,1
HYRPPEVIL,0.026782503,0
ELAPTHLRGAFGT,0.01714044,0
DLQKWREER,0.9695793,1
EDQNAATHL,0.78162736,1
LGTTIAVGMLFIIQ,0.052653737,0
IISALGRGNVGIAD,0.04307203,0
VYVNKMTGL,0.037357,0
SKNAYPQRCTLP,0.00044857184,0
KAKGEIPEV,0.025114417,0
PAGAPPGGGA,0.00094158243,0
NEVKHLVE,0.051590677,0
RLEESRRLW,0.13442557,0
SYKHEPERLENRIC,0.002020452,0
LVRLAQLGAADR,0.956476,1
QTKLKEKAEPETL,0.018282764,0
YADLDVSAIDQLP,0.009677895,0
QPGQLPFNVIRHA,0.20567106,0
PKHVADLHA,0.0021627932,0
LFSLEPPLIGLGRG,0.48362213,0
QLRDDAPLVD,0.007868505,0
SIEPGVEVEV,0.08450426,0
HSRRSRRSVSV,0.023916377,0
QQESVGGGRLT,0.83746266,1
YLKDIERMY,0.0068978486,0
HETSKMRVL,0.5941659,1
EEKEKPKEKK,0.9072282,1
APKGSVLQEA,0.098463245,0
AQLASTPFHKL,0.9912286,1
FLSEYQHQP,0.0059007695,0
PSPGTYKTTTPPG,0.04815019,0
REEGYTDPAM,0.03232044,0
HSVENMNFRVF,0.03054922,0
DSFTKQVQR,0.16611089,0
ASVNSPANY,0.046475314,0
YLLLPPPTLL,0.024763037,0
EDLLQVLRNR,0.45553952,0
AQVQAGLDQ,0.046175975,0
SLWKKTVYR,0.9526357,1
GTIFIIKGVRK,0.9884724,1
SDPVAATADGLQRQ,0.011135983,0
EDSKKLFIS,0.11927925,0
PMEDEDRYTTCW,0.0040073954,0
GGRRAGGTEGR,0.003875196,0
FGYGLPMLV,0.0030212842,0
LLWSPPDHMYL,0.0018992273,0
ASEHSKGTSSIAI,0.0054475,0
RTYTGLSGL,0.34468436,0
LEIGDDPITSL,0.00071761734,0
YPAKVTLL,0.8648345,1
LRFYWDKEIDDC,0.013851365,0
TITSAVEEAL,0.02969161,0
DAGAVKSRVAQ,0.46653387,0
PAGLGAWE,0.006329414,0
YMISTYPGNT,0.99381447,1
VPTVFENY,0.99807125,1
QFQIAEMSPR,0.82453007,1
THFPTVSGSPASL,0.017164398,0
LEARVRELEGEVEN,0.8713485,1
LVKFMADEKHGNE,0.9955396,1
ALPAAAIWQK,0.029485876,0
GVVARWLRGARK,0.95796156,1
DNCETYPCPIP,0.5778972,1
SAAMAMPQ,0.016310554,0
QRYPGQVIL,0.84382343,1
LDELLEEDGEEMM,0.35715237,0
QLAEHPHAL,0.000483569,0
SQVEADLKMLRTA,0.9606776,1
GEGADVFVQI,0.0031054283,0
LCEPDPPRKLEVTE,0.0076790745,0
KKFGNPGERLRK,0.99315554,1
ASQRAANGGSE,0.06451723,0
ELPVKTDIV,0.916497,1
PRAEENKS,0.03229402,0
GNYNKNPNDDLT,0.3836382,0
DKELSNPSMILYDN,0.51386666,1
QGLLARITQDTV,0.00926298,0
EELGSEVLNLL,0.008713905,0
QAPLPFPGL,0.0156064425,0
YTMAVSPLD,0.016840728,0
KYESISHSNLERDV,0.7064003,1
SEALGFEH,0.0028171488,0
RSWEAAKLFAR,0.9905924,1
FDELTLLHLREFDK,0.99977714,1
HAGNKLAM,0.7373666,1
VFLLLGMYLEF,0.024827396,0
SSDPFLNSGTY,0.793652,1
MTSGIFEQWMHK,0.00085459347,0
PHPSFVYT,0.019349646,0
ARANPFNTPH,0.0025094454,0
QEILEETPSA,0.0051214914,0
QLAWFDTDL,0.26766014,0
FVKERCRYLLPPSK,0.00042538572,0
SAPVSKTL,0.036781546,0
ASFRGHMAR,0.068410784,0
FQEFMSFVAMV,0.4172885,0
FSLIGLLRLHC,0.019398365,0
SPCSSPVIPMLPSA,0.013704772,0
YPMSIPATL,0.42297235,0
IMKNTTNTRR,0.0007928171,0
EVRSRVVGGSLR,0.89812773,1
VGFQLNFTLFHH,0.07355119,0
YRLHRAIPLGM,0.08995366,0
KRKDKYMNVL,0.13740481,0
MVKEMISD,0.64778006,1
EEIAVQNWLA,0.022460131,0
QSLYIANHAY,0.5024294,1
QEAYYRARA,0.61388755,1
SELTFDYQF,0.006266139,0
PPLMGWTAVT,0.0011497523,0
FAGPCKVI,0.0058173747,0
NEGSVEDEELPAQR,0.9906783,1
ILFNRLFRRCV,0.7776064,1
KNSIFSVL,0.99306536,1
AENPFDFME,0.3603815,0
LTDIEQKVQRY,0.40865982,0
REASKRPSA,0.0053206827,0
DRADAPTFP,0.0027336718,0
CREEMERLQQ,0.013584181,0
LVYVFSQDFT,0.25940853,0
THAAYNLLFF,0.004447974,0
SPCRDSVSPP,0.0018773244,0
THVFPETSFI,0.018628355,0
NSSASDNIE,0.10059097,0
LYDLTLEYL,0.0009158734,0
KTKKMGGKDFSF,0.90474886,1
HIKPLYVEARTDAA,0.14245366,0
AVELENLPLK,0.72564924,1
LPFFPNQHI,0.9998529,1
TRKVPQVSTPTL,0.9855468,1
QVSMKGVSEED,0.05776959,0
GQHCAGVVEF,0.12735377,0
KIDAYKLLK,0.9957131,1
PVKAWASAGILS,0.9994172,1
EGTKNGQENGVEI,0.86056936,1
PTSPLVTLHRD,0.0017337425,0
LPQSTDPLRTF,0.0015333988,0
VTAAVMTLTA,0.08950501,0
EATGQFRVY,0.68421847,1
AQIPPIEKMDA,0.372733,0
GKELVRFDNDGAL,0.94411606,1
LKQDILDEMRKELT,0.87991935,1
EVLVFDFGSEVY,0.0053643114,0
LPRPDNETL,0.92066956,1
GQKDVDVAL,0.94166553,1
PEVENQPPA,0.0019063725,0
STANLVKTI,0.07553733,0
GTYSGQIVLW,0.03485572,0
PTHLAAAVPEV,0.002065537,0
VGLGPALEF,0.5796621,1
LQSYKKQEQLEK,0.894679,1
EGNLTQPAE,0.027801797,0
RKAGIFQSV,0.10440048,0
GGDEKRPSPPALAA,0.36347213,0
SYIPIFPQ,0.96268874,1
PRPQTTLEQMA,0.001995152,0
SRYGIHPAKF,0.01565576,0
RFAMRHRNRPVHTI,0.028477473,0
DAYTPSRTRNK,0.084468044,0
LCIAALVITKLA,0.0015824715,0
SRVLLLLLL,0.0018982766,0
TQNGILHML,0.55547124,1
QQVFAQQKHQQL,0.017798755,0
DVVANGGHTW,0.021969566,0
AQTTLRNVL,0.09165613,0
VEMLSSQERT,0.7430486,1
AQTFSRKQNF,0.016877433,0
ERLTPRPTA,0.009185835,0
HEPSSIGSMAL,0.44778344,0
YIYNEKIVNG,0.7361138,1
RTGNPTGTYQNG,0.63500744,1
SLLSLLVHC,0.010282126,0
VFHLPTTTF,0.20066008,0
RPLEEAARALGVQA,0.0048162118,0
TNLKMELKDVLCAI,0.01880044,0
LPMRNTVAL,0.60691947,1
QILVIVTDG,0.0076377415,0
TEADEILSIEG,0.00797958,0
GSNANTGLP,0.00050348334,0
GSLVQPSTSGFD,0.0072072726,0
RPNGRVAL,0.018993713,0
YMKEYQDAFL,0.012815482,0
GKRESGGYYGGYHD,0.0031436516,0
QPLHDGPAEEAPA,0.10428008,0
SEGQPFMPW,0.005781137,0
SVSVSGFDLNGKGA,0.25477844,0
AVTGQKSDLK,0.9689763,1
TDRYDLGQVIK,0.945829,1
REREEHLL,0.026832286,0
LAFEPLSQL,0.20854098,0
ETVERALDF,0.84165174,1
PELDFTHGVAPV,0.6538067,1
RVLEFRSPKE,0.48853442,0
VAFHPRYPLF,0.29724315,0
AGGPGALFWMIV,0.0018181603,0
KLISEMHSF,0.13926175,0
DEFMSITGSL,0.08970562,0
SQHNYRQGY,0.024276799,0
SLSKILLDI,0.13179606,0
DGSGRRSEGRGRGR,0.0028695506,0
DIEVKDLMVGDEA,0.85811144,1
IALPSLRILY,0.9478564,1
VTELTHRI,0.08191685,0
KQNELLMKIQHL,0.990761,1
VDEVHERHLHSDF,0.22831245,0
DPIKGPDGKM,0.03289326,0
IILINQYIAE,0.96674323,1
TTETCTIVGPTRRD,0.8318885,1
TFELYGADFML,0.0014934273,0
QQLCSTLSRVSDH,0.3996063,0
VGGSILASL,0.9980102,1
VLPESNSDVDQL,0.026297161,0
IVVPFFLCY,0.20078646,0
LSVCVPEKG,0.004485688,0
VLADPSDDTK,0.6100356,1
GSTGTVAHL,0.01863103,0
NHGYENPTY,0.9266666,1
ISKRLGKRW,0.036025725,0
VSALAALCSEYYM,0.96046144,1
NPTVSNIF,0.4103505,0
DIIEKVMAR,0.29863885,0
KTEETLRFL,0.9829526,1
VSLIERINL,0.97414213,1
QRQPLLATL,0.9802361,1
TRAEPDRV,0.010630753,0
APGGYIRT,0.03437144,0
RIVLNGIDL,0.03433993,0
MDVDNCTDVL,0.0020398179,0
LLLREELQAY,0.1572944,0
DLDNIYLEEVDSI,0.0005402937,0
REHKEEIENL,0.55101115,1
HADPSLVSF,0.90326726,1
SRWRLQYDV,0.17885359,0
IASFHVFGIECPR,0.0034276552,0
FEYEDTDSIG,0.25940603,0
AENPLNIFY,0.8785513,1
TPHNDSEL,0.002069751,0
FMLKKIVL,0.010599143,0
RVFMDSNGIRQF,0.94669855,1
SINHWPIRDT,0.000612585,0
IAALEGGEAA,0.77021825,1
RYQATGLHF,0.0042503593,0
AAQDRDQIYR,0.4899442,0
CVVGLFLNLLALY,0.0020885495,0
NCNIFQRLGIDKEM,0.0006056176,0
WLNGQSLPVS,0.08099206,0
VLGTQTLSQI,0.026067333,0
FSPVMNYKDG,0.85280293,1
SLFKYITVV,0.014606966,0
NFYAVTTEGKLFWK,0.22328514,0
WIKEKEQL,0.2073124,0
AEIIPGVLFI,0.27892777,0
MKHCDTEIGCTN,0.046683557,0
MEIYFVGAPAAVS,0.98680216,1
SRSASYTVAC,0.04182321,0
QKHSCDVCGKSFK,0.0025098443,0
FSSASGGF,0.0059572975,0
CVSLNVKGPC,0.0041630007,0
QVKGKKTN,0.16872115,0
AELAAHEPAI,0.018257748,0
FLYDVVKSL,0.60784644,1
LPSFDAHLTEL,0.46170762,0
DDDYKERLN,0.5440559,1
SPISVPGGSA,0.0009862521,0
RLACFIERRK,0.007152995,0
FLQSVKNKTT,0.038533136,0
FKGAEYVELA,0.78841895,1
LPVRYSLSEPDVLE,0.95864403,1
GILTLAAIV,0.019797064,0
GSFSVKPLK,0.95629245,1
GGDGYGYL,0.014950232,0
IQKQEEINF,0.9808365,1
AEEVAGVLSVAFL,0.17607386,0
ELFSYLRNR,0.4578767,0
QIVTKKIDL,0.9907697,1
DAIGHLDRQQR,0.16913563,0
KNNDDSGAENKAG,0.0058828024,0
LPPENRASL,0.032977205,0
RHKSDSISL,0.013282778,0
HTTQGLVNR,0.0011198176,0
LSSCKTCVVIDDQ,0.0061218473,0
HHDPPVIGREK,0.012192939,0
ELNFLLRYKG,0.75130355,1
INVIQGKKK,0.6476007,1
NSYVNPDHLN,0.089001715,0
AYSTKGLCL,0.16221952,0
FAWFCAPQISGWTQ,0.926337,1
CSNCGVQVHKS,0.0010303161,0
TNLQSMLATLDVI,0.012775254,0
YHGIKLEYRE,0.039814077,0
VNVKTPTCW,0.024231456,0
PLSGQNRGY,0.0059356084,0
ADIVIPQEY,0.04623085,0
ENERGELANEV,0.005613975,0
MEETIYQNY,0.5594845,1
TFTANQIDEIK,0.96113956,1
RVDEMLAAAFF,0.73758763,1
DTNSARAASGWRSL,0.04628927,0
HMPVLEHL,0.4932483,0
AEGGVEPKDPSP,0.09870113,0
LFHGHPSRAHHLRQ,0.007991045,0
EIRLYRATGTQSVH,0.037078965,0
TEKPKLLAL,0.026662046,0
QVHGWELGV,0.006193527,0
ILKPGDRV,0.028595949,0
FEDFVNESL,0.98316634,1
VLRASASLLSQ,0.960565,1
RAMSHNVKRLP,0.6522641,1
KLWDVREGM,0.05685464,0
YLHSRDVVY,0.18682563,0
AQFAEATQRL,0.025543211,0
RPWPGRPAL,0.011745983,0
QLQVTEREEV,0.009452738,0
QPLMPPVQSHV,0.00040289905,0
APSWLHRF,0.16943681,0
QDLSKQTDIPYGT,0.03442722,0
PSRTGTSTL,0.06727049,0
ILLRKQNVDLAIQ,0.9990858,1
SRKCKEIRA,0.0007752765,0
QADADFASEVMSV,0.00013056857,0
RQVFEGQNRI,0.98529273,1
IAASQSGAHVGGVA,0.9982443,1
AYVGVTYK,0.00241652,0
RPVAFLQHGLLAS,0.6607501,1
SMQLSREEI,0.2538467,0
KQRKEKEKILLQKR,0.7477663,1
LPLWAIFMGFFSHF,0.02260109,0
LPTFTRTSY,0.97032744,1
VQKKLESI,0.57148373,1
SKDKDADKSLEK,0.073794864,0
FETDPDPFLL,0.045422286,0
VASLEWVSREPALL,0.95323694,1
KVSVGAPDLSL,0.60239905,1
REKDKHIEEVR,0.99250436,1
RKVTSVSTL,0.027106615,0
QSCTVEVHF,0.0020957345,0
KQLPLVKPYLR,0.06355509,0
ANTPWCKVDIAAL,0.0010688066,0
YYNEATGGKYVPRA,0.8841622,1
RLKGQGATF,0.55534977,1
SWLSALEGTKWL,0.8329779,1
RTQAVEFL,0.33207232,0
AGTGCLSVMGKDS,0.17648102,0
AAVPVIISR,0.37945044,0
INNKTNFYIVPGM,0.015432804,0
VLNYFKPYL,0.039723158,0
VSPLLASQSW,0.92178017,1
SVVAGFGHF,0.0021339515,0
FSPAGPIL,0.99119765,1
RTIDIGVVTA,0.81182617,1
EELENAFSL,0.014508488,0
LTDMTLLHY,0.027820677,0
DLEYNHPQI,0.067879595,0
VSKNTFFVL,0.05212262,0
HPDSIEYGL,0.61762697,1
IFLTDMIIYQGQY,0.04472459,0
KQRLEEIEI,0.022465235,0
ALLAVDLD,0.000941194,0
KLFTDGDAALEF,0.036353495,0
YDGKDYIALNEDLR,0.9995646,1
STIDWNKLYRR,0.012822796,0
SCGVSLGEWEERV,0.0018736646,0
RQKEVQMNF,0.95438564,1
LAVLSHIF,0.030904103,0
ESGLSDVTKDQ,0.28595307,0
FEVILIDPFHK,0.98394644,1
TPNGGSTTL,0.07027751,0
MLRATGKAY,0.017509181,0
KRMQCECPVLSKEE,0.032079697,0
RRAAVESLGF,0.9602872,1
SSVADHDEQE,0.020846127,0
FNYQKRVSF,0.9457459,1
VIIGLGVTLLLVLV,0.030391974,0
GRVQSTERL,0.81571615,1
SRMEKLHLSHN,0.7942259,1
YSGSMDGTVRIW,0.2752455,0
IPFISKEY,0.9776579,1
VYLIHKELI,0.14394955,0
FEILTPKI,0.059191056,0
LPVPQKIEA,0.9833288,1
HVPEGQTIKGR,0.014472133,0
SVELPIVGK,0.462014,0
RNLLTGKEPT,0.96101594,1
LPSDDRGSL,0.9844199,1
SGVYFQGTTI,0.61766803,1
YLEECELAKQLY,0.006583001,0
ALWPQIIQK,0.010382708,0
QEEYEREGITW,0.97693604,1
HRLRQSLAEG,0.17708972,0
TVARSEHKVW,0.7990796,1
NRAVSSNVGA,0.29054233,0
SRPCAGRSRDILW,6.739524e-05,0
SHTVLTLTIQSM,0.027033981,0
KSHLHQKPGQTW,0.020751372,0
ISSSDGVVKS,0.011208325,0
AVKANISVH,0.45357,0
ETYYKATEPV,0.994849,1
TELKTKTDELL,0.021050923,0
SRLCEEKLSDVS,0.0005396404,0
SVAWAVLKV,0.008133991,0
PLDVILAWREDKP,0.7191593,1
EDLTERASTFGL,0.54815656,1
HHGPHGLGH,0.0026836847,0
EDMVFSQELESST,0.01990916,0
KKTPSSILDTQD,0.9235095,1
VLLVDYHLH,0.8184871,1
GEAEGENLRL,0.4353354,0
VEHKFTAVY,0.16341344,0
QLTKIQTEL,0.046713587,0
APWLNLREL,0.042367734,0
DIPHMDIEA,0.76753396,1
SSEQASGDKL,0.23799595,0
HYNAFQWAI,0.002327417,0
INDTEPVT,0.5266027,1
MGIAGAAIA,0.01743786,0
ADQATPTSPIRV,0.050181337,0
ISDDRNSSV,0.001695047,0
IMPKTGFLI,0.007519604,0
APVTIHRA,0.021945503,0
FIKDPVIEKSS,0.8663834,1
SLSSPLNPK,0.6334815,1
SPKAALRYAA,0.9835285,1
EEVKVGNKL,0.98571056,1
LQLTPMNSLATSV,0.071182124,0
TAIQNVVHR,0.8556755,1
VPAPAPAPATKPVV,0.002516378,0
QEQLNKIRDSY,0.93016434,1
QGQGLNDSVF,0.026383596,0
NQRKESSSF,0.8774757,1
ALQQQHNV,0.00675292,0
VKAISGVHTV,0.16434501,0
QLQSHIEGW,0.00077727827,0
YLVEKIIRT,0.9672993,1
KINGHLKYS,0.17743498,0
SLADSYLDEGF,0.8767148,1
PSELDRDPAY,0.60585296,1
QETAYLLVY,0.037719056,0
NIPEEKGKKD,0.021250457,0
WDYLVRHDA,0.015130827,0
DPVLPPLPAK,0.11882335,0
MSQKIQQL,0.98398364,1
LQADAHTQFLER,0.31924066,0
YTLDDTKPDGSYAA,0.7274363,1
EYTVQQALF,0.9790598,1
YTGANPKGFDRG,0.01916579,0
MMGPPGTGF,0.11565461,0
PAPATQSNWG,0.0025874057,0
TKGCSNPPLILESA,0.0002501734,0
AADLKKSLE,0.5514084,1
FGGYIYTL,0.1608941,0
EIVLTQSPATL,0.979687,1
ELLAHRSLLQNTMK,0.35367796,0
KMDPKELGKY,0.96542126,1
FFPEFLNMLE,0.011766975,0
VKRDLSQKCPIGS,0.016447613,0
VAILRHPTL,0.99773335,1
KAEDDAYTTF,0.30055964,0
IISLFYTFAI,0.027646642,0
IRGEYIREAET,0.9469125,1
LCPERFVPL,0.036029518,0
IQGNINKV,0.040411197,0
DDNHQVLAGEIVL,0.024215253,0
IEELVKYQL,0.34508285,0
EELADLPKDY,0.020431278,0
KKKSGGIKIICQS,0.018577237,0
VFDENADEASVA,0.6723551,1
RVARERLGHHL,0.0071695736,0
ISENNTEF,0.09369798,0
VNFEELARSTD,0.017499382,0
RVLPLPSENW,0.16604044,0
DVNVNGQQIL,0.04155719,0
AENQVLSA,0.000744108,0
HSKKKCDEM,0.0011886469,0
FAIDKTIAY,0.9499892,1
RRPGQSHAAVLW,0.00020092292,0
SEETQKAVL,0.9565785,1
MSALHQPGP,0.06336697,0
EVFASDRDLGTD,0.93760926,1
KEVDPTGHSFVL,0.99624395,1
VLFFDELDSIAKA,0.0003767605,0
LRSCKQKTQP,0.0006076125,0
VINGLLGNIGL,0.097191215,0
AHYQRADFVL,0.8956579,1
SLSSKHQH,0.09684288,0
EERTVGVAF,0.638445,1
CPSLDAPLDGRKFG,0.014888644,0
VRRTVDFTSP,0.0010085789,0
AGHGAAGGAPL,0.011102506,0
SLQVIKPR,0.9625392,1
LSGLTWQRRQRKS,0.27407652,0
LVLNPQVV,0.82397425,1
KIFSGPLKGI,0.9152681,1
ICEMVGVPPGDERL,0.005634319,0
DFYQLNKGA,0.06809268,0
HPNNQTLSV,0.0008536853,0
IKSSPSDFIVI,0.036249932,0
MEQRGQNAP,0.0069380403,0
EYSSEEIMRER,0.02660138,0
CFLDSYVSQL,0.009675131,0
FLLKDGQLWL,0.971108,1
FYESGYTSDGNT,0.40747237,0
LLYSFPVVIK,0.49036437,0
TDKTEKVAVD,0.9681835,1
LLPRFVYRV,0.91760457,1
AEHREVLPESL,0.0045308084,0
FPIRDPNLHAI,0.044749305,0
ITGNELYDIQLLPR,0.69787335,1
IHKEAQRIA,0.042962063,0
SEHYVSILSF,0.37888017,0
RVFSSSQGVEQV,0.30075827,0
CLAVHECFV,0.018064823,0
ILRNPGFAL,0.99905795,1
PLEPPRTP,0.0025802145,0
GATPYVGSAWS,0.00021563831,0
VPVKDRII,0.98051596,1
ISNNYGNNPL,0.29608992,0
GQKDSYVGDEA,0.98978734,1
EASSSVREV,0.7613935,1
VRLFLLQDS,0.01797433,0
VDIEGPKQEKKSL,0.79540426,1
IASNYISN,0.9720581,1
FRDEMVNRIWQ,0.2590076,0
QEVPEFRNY,0.084507115,0
TADHARLQL,0.53690946,1
DLLRSGKSIRTV,0.36725083,0
FLFDMATGKLT,0.63057506,1
TASGLVFILR,0.8001314,1
EILDFALSK,0.9551898,1
VQAARALTV,0.99794394,1
SRIHPVSTMV,0.00037846397,0
KCSDCLMRF,0.034109686,0
QQQVLTLEK,0.0040245526,0
YLPGKGTGSLL,0.50194955,1
SIIIAECHS,0.008083874,0
RRGFFFSHI,0.004471083,0
AEVLSEESI,0.008647005,0
ATMPDLYHLLV,0.17797722,0
RLAASSAP,0.02933374,0
QRYKLGVRLYY,0.11998244,0
PPLLSPPPP,0.027404385,0
NTYRQKQGVVLK,0.98711747,1
AGVDPDRELPVVW,0.9971102,1
LPVTLAAPPPAMP,0.02828562,0
RANTGTSFK,0.007370076,0
QNKPDSIIVV,0.00052983465,0
QGAGKEARRHPAAG,0.0022573962,0
AHRQKFLSH,0.96410555,1
DMRETSADKTV,0.012599059,0
NFDEENAYF,0.0036745511,0
SFHCQHPPS,0.0006414528,0
SRVGKAWGR,0.2881512,0
RMGIEILSF,0.033157628,0
VDTDGNGTIN,0.9177711,1
ILKALTYDEKRGA,0.9965096,1
SLPGVDYLECD,0.039638277,0
QRSRFIVVV,0.6311654,1
NNTALVSQFY,0.16682726,0
VLPESTLFRL,0.008542085,0
IMANLKASTY,0.9940514,1
KLLNPSLQK,0.18698294,0
RDVTLENRL,0.65446097,1
AAEREVLMPTFS,0.8653076,1
EQYPEVGTGKRF,0.15142809,0
KYMNSLLIGEL,0.5058926,1
GVPADQAAVVLERT,0.9657002,1
PDLRKQTVEAVNI,0.005579769,0
YFNEHEVGRA,0.21612702,0
SHRTSSPSHRDTNS,0.0037912505,0
TRAVALTFHGR,0.12679791,0
SASVPSEQGSVDIV,0.012798866,0
IPYGTKSQY,0.031835437,0
RLRSREERLLH,0.08619237,0
VPMSNIMEEEQV,0.26084352,0
ARSELLTTVSL,0.058355223,0
SVARPGLWLY,0.21654801,0
KVEELQPGFSKSNY,0.81291056,1
VTIEYYSQLK,0.9867851,1
YRYGFVANF,0.38085425,0
DPNSPEETAV,0.011372995,0
LTGPTRVLAS,0.096227005,0
GEGREQRPEL,0.28357515,0
KKAVILVYRENKLK,0.99209595,1
RVSIGDPAAT,0.00019331914,0
RSAEQGSPAK,0.0007930079,0
SSRTALWRKGL,0.0050653955,0
TAVAKNQAL,0.97552365,1
SSSYPLNG,0.040797073,0
VTEEEGSANMY,0.94828737,1
IEGLAPKL,0.16831829,0
QAVNFPFLV,0.0014535548,0
SPTRATYSSSL,0.9844199,1
SSHNSTSVY,0.00560943,0
KNVAGDAAEV,0.9524728,1
YYYGQGHPM,0.06535105,0
YYEHVKARF,0.025878638,0
TALPLIFV,0.11798429,0
TYIKCGSGPWLT,0.049323883,0
AEYIPLTPAAA,0.80090374,1
FPNSSLEER,0.031719927,0
KASSFKKLQKF,0.9903031,1
SYEIEVIASDM,0.22276904,0
DAARSSIRV,0.83039355,1
SPDGTRLAY,0.059751052,0
VVVPVNPKTDRLW,0.23095098,0
TIMPRGPTL,0.4487709,0
GTLRVDTY,0.8741757,1
VASAKQQDEP,0.9803249,1
IDSLLLRTT,0.96736825,1
ESDLPDELLY,0.03215458,0
PYSVGFREA,0.0012885912,0
ITQISNWFKN,0.0012654219,0
TVSDIERGWIL,0.028797599,0
DLPEDDQAEF,0.96258205,1
IHVKNGDHMK,0.02567864,0
LAWPEEGPAT,0.09416865,0
KFMHTPHQF,0.03224913,0
APRQLRTFVL,0.96206206,1
TVLGGKGGS,0.0041391007,0
QQSGVNEHEEG,0.0015344169,0
CCVLRLLCCA,0.0013613416,0
IVITNALKPGF,0.9821322,1
RRAMLHLSE,0.0012117797,0
RIEMRYCSS,0.979906,1
YYFRVLAC,0.04354046,0
TTISLTGFDSYGM,0.013630237,0
RGLNWMISLYEH,0.46878004,0
AAFALKQYY,0.9828236,1
TPRPDDPSPL,0.52226037,1
TTTSSSCN,0.003372948,0
EKLSESKESV,0.008295419,0
IDYPVLYGKY,0.34069622,0
KYFWNDTIHNF,0.88792974,1
VLFSQTLDK,0.5834544,1
IFVNFEDEEVP,0.015127048,0
GNLSSSEVK,0.027829017,0
ETNLSQTSY,0.29759756,0
RTPRGPELDGLGF,0.23742959,0
DAATRDESRVSDNS,0.019803043,0
TLSWEPVSQA,0.014660107,0
LLDTNRYLYF,0.7175267,1
ATGLNNGRI,0.01439735,0
APVSGNQQL,0.032167446,0
TSPAPPEA,0.00096356473,0
LYQLPGSEL,0.078801915,0
REAQELEAQL,0.8512869,1
RDLQVTLI,0.00891034,0
APRIESVETGL,0.022965021,0
ILIVTQTPHY,0.13222677,0
KYLDEFLLNKI,0.24749602,0
KAKEKYQEW,0.80925655,1
SVVDENLSW,0.0066332435,0
VIITELVLALALQ,0.71326536,1
AKLLHDSGLNV,0.01708046,0
PQKTRRTSSEQA,0.0021623322,0
RSYWENVYDEPDGI,0.009680263,0
SYTVCTPGGQIQA,0.30625474,0
EAGNYVSP,0.00074880716,0
GTGIVSAPVPK,0.9123935,1
KEVDDALVEM,0.039953865,0
EEFLSKDISY,0.9106908,1
PQRVIFLGVDESEA,0.0021785828,0
APREARTGPS,0.028327484,0
FTQEYILAL,0.8368418,1
ITYPYTPQFKVF,0.9859676,1
AVVLMGLDK,0.26747763,0
HTVADQSGR,0.015832948,0
VGGHVLYV,0.68352664,1
RLQNVQIAL,0.36364624,0
AEDIQGDDRW,0.78180766,1
TPDEIDHVF,0.5491927,1
KENETKVVL,0.00837045,0
FYEPYSREL,0.9944542,1
HQQHQPLE,0.0058096168,0
IGVVSHLGK,0.7945296,1
KETGATIKL,0.9890704,1
REALQEKEDAKTM,0.11351619,0
DAFVHDVTV,0.8722781,1
QRTSAQRRS,0.00084836397,0
EWPPHTQPWYPEGC,4.5271885e-05,0
KSENPAKRLY,0.9881869,1
KTSVYGLVV,0.23103423,0
RSRHAASQE,0.0077189202,0
NPIEDELVF,0.49743673,0
AEDASGREHLITL,0.97760653,1
RVDNTVPLV,0.028256055,0
KQMASSPRNCYIQF,0.40128195,0
RLNPLVLLL,0.28629556,0
AQSQGAVPQKLA,0.028058257,0
KLGWFIQEY,0.009579344,0
PLLPETPHSSSNG,0.009566418,0
TARCTAGTL,0.0022052377,0
SDQPPGKY,0.5626843,1
MVNGLGHEL,0.028424334,0
RIGIPFSSQGHL,0.3707988,0
KCVSLVPGV,0.025919637,0
SRFVHGEGL,0.013529724,0
NKPSYQKMPL,0.3550693,0
ALIQPQSVP,0.2138522,0
GEVDFKEFI,0.96906495,1
DIYNQVSAY,0.28821403,0
EAEFQVKITAK,0.22578087,0
MVVNKNSYH,0.99601424,1
IGQNMGNPNGHPP,0.008608717,0
AHGKVSVEY,0.9928415,1
KGWGVFESKL,0.027380148,0
TCPAQGSLQSSPSM,0.003153296,0
VDTENSTEF,0.65413177,1
EQQLLRQE,0.6097233,1
PSRLVAMAAVGEPE,0.9513109,1
KNAAPNHR,0.018276209,0
TLTEEKMSNCKMT,0.018807136,0
FLGANVQYMRV,0.023979696,0
TLSVGVMLY,0.05668386,0
RVFMKSVKLEW,0.032238998,0
KESKDPADETEAD,0.9917961,1
QSPAAKGL,0.4507269,0
LPVPQPDREP,0.87865424,1
PFGYLKHLVRGDSS,0.98385596,1
QWSSLLYGNVY,0.016516075,0
QVMRALTTK,0.9714546,1
MNDISQKAEIKE,0.023528857,0
PKPVAASHDVPSR,0.031892948,0
DNEPVQEEDDGEE,0.9484335,1
AERSEASLKV,0.036549482,0
TNLLSNALRFTDE,0.01996546,0
GGWSKSLALAFQ,0.62220484,1
RLGSVSEA,0.003407588,0
QSPGGAVPAG,0.18646266,0
IETRDGKLV,0.98513216,1
GWHVSTKLRRV,0.021370124,0
SVNSSIMGM,0.1319054,0
YRLRFELRY,0.042835295,0
KELKRSKKL,0.96552205,1
IHEDSTNRRRL,0.955995,1
QLDEVRQAM,0.007742022,0
HRPTTNPNASK,0.9987575,1
AVRDISEA,0.24175628,0
FIIILVLCLR,0.0053724996,0
EEALKQLAEW,0.3428833,0
EADMNRLLK,0.88682276,1
QCKDNLKLLXEKGN,0.001841729,0
VTPRTRVSL,0.2910301,0
STTRSSVLTL,0.011999106,0
NSPSPTPAPTTPG,0.0063545285,0
GESGAGKTESTK,0.5941911,1
KCSLVENRW,0.10639569,0
RKSIAGRRRFSLAQ,0.031742655,0
KQLASALSY,0.7961363,1
TGELSTAK,0.016232565,0
TPSSVIYHL,0.93264556,1
HSGEPAPHLRAESQ,0.02655386,0
ASEFGNHYLY,0.046672545,0
NFDEVQSFLL,0.116730586,0
ERQLKSVK,0.16365337,0
TISKLMGKP,0.95871943,1
YRFEYDITD,0.01009333,0
HYKSNVEIFK,0.04086803,0
LLLSLVRSNQE,0.08824074,0
KRLKVPPAI,0.013894282,0
HSTEMLHNLNQ,0.26403204,0
TEEPVQAKVF,0.45849207,0
FYSIRGEVY,0.99713707,1
RKKEAIVI,0.04300054,0
NPLLYVFV,0.055122152,0
GMQGDCNLCFE,0.027626282,0
TPFGKTPGQR,0.60479516,1
RISQRWNFP,0.083511576,0
DVGFDTTRVAV,0.023609405,0
AIFALYNEGQSEA,0.74552333,1
GTWNWIWRR,0.27814835,0
KDYSKIISEKNF,0.91398865,1
EPNLGVLSLPGD,0.005399581,0
HTGWVENGGLF,0.18046734,0
NINHEHNSFESA,0.1003027,0
AENILGTGQR,0.023157643,0
GEITTLNHKLQ,0.9816176,1
NATPTRNTI,0.0092571,0
YAQMWTLMY,0.016655354,0
NQQLRGSL,0.015998919,0
APPLACSTDF,0.004922548,0
TLELATGTTKPV,0.030367985,0
LHDDRGPVL,0.011466245,0
RVLLSAGCRADA,0.009046626,0
DDESENSDVDIG,0.95342577,1
APVERLDVSILTAE,0.9990429,1
RVSTGLYRY,0.0151681425,0
SGTKSVSVLVKVLD,0.71623755,1
AEDVKLLQF,0.015022056,0
YELQLASY,0.0079726605,0
EQKYIKRDETDIN,0.99456716,1
SISNISPHL,0.013957679,0
ETHITEAL,0.04125665,0
SYKACLPPALRD,0.008078734,0
GEHPGLSIGDVA,0.049627107,0
ETAAILKNSRF,0.033440847,0
LEATGDEKKQEII,0.5679264,1
TTASEPAKPQ,0.016024396,0
RSGECVHLGWRCDG,0.5758842,1
RVSSAVKAEL,0.77733487,1
RTDPVPVTI,0.31781015,0
KPNDSRALQL,0.0032095923,0
SRLIFTYGL,0.0029624964,0
NGLGRLTE,0.0033697067,0
MHRDVIYAV,0.004486832,0
PTEGGWGGEE,0.021011751,0
AEGKELGTHL,0.76919633,1
QAFAGESKIVN,0.42394078,0
NRRLDPDYVRDR,0.18808447,0
ISKLTTRT,0.13908279,0
RAVGLVSTW,0.0161588,0
IPVTPSLDP,0.003909974,0
VVIPQMKTFGRIA,0.9924884,1
SMEAMLLYL,0.011300336,0
APSGLRSQVQF,0.990764,1
QEVGGRPKNTLKS,0.027270177,0
ILPKPLTKV,0.023392325,0
VHRLTLDQLT,0.17527427,0
PVFVQVNTAGSP,0.77448094,1
QEIVASSPSL,0.64555365,1
ASGNARIGKPAPDF,0.960197,1
MMLNLIKTKLCQL,0.30075255,0
HLPANFEQV,0.5217219,1
